Classification results:
     Correct  Total    %  Avg prefix len  Never predicted
ang      337    500   67              39              163
ara      500    500  100               1                0
cym      375    500   75              13              125
dan       73    500   14              11              427
deu      241    500   48              20              259
eng       98    500   19               8              402
fao      152    500   30              16              348
isl      114    500   22              19              386
nob       88    500   17              14              412
swe       92    500   18              13              408
Predicted results per language:
      ang    ara   cym   dan   deu   eng   fao   isl  nob   swe
ang   337  18687  8512   665  3244  1223  2389   694  447   657
ara     0    500     0     0     0     0     0     0    0     0
cym  2004  13071   375   183  1052   729   736   255  265   423
dan  7917  18862  8092    73  5308  1897  3092  1209  979  1214
deu  5316  16957  8656   549   241   913  2045   561  599   490
eng  7152  17568  7661   962  4585    98  3631   911  781   981
fao  6344  20382  7669   546  3667  1233   152   885  760  1560
isl  8081  21702  6858   886  4012  1856  2959   114  578  1350
nob  7081  19089  8276  1198  5446  1792  2659  1405   88  1232
swe  7781  20785  7316   614  4915  1723  2376   921  999    92
Predicted results in %:
       ang     ara    cym   dan    deu   eng   fao   isl   nob   swe    
ang   0.91   50.70  23.10  1.80   8.80  3.32  6.48  1.88  1.21  1.78    
ara   0.00  100.00   0.00  0.00   0.00  0.00  0.00  0.00  0.00  0.00    
cym  10.50   68.46   1.96  0.96   5.51  3.82  3.85  1.34  1.39  2.22    
dan  16.28   38.78  16.64  0.15  10.91  3.90  6.36  2.49  2.01  2.50    
deu  14.63   46.68  23.83  1.51   0.66  2.51  5.63  1.54  1.65  1.35    
eng  16.13   39.63  17.28  2.17  10.34  0.22  8.19  2.06  1.76  2.21    
fao  14.69   47.18  17.75  1.26   8.49  2.85  0.35  2.05  1.76  3.61    
isl  16.70   44.84  14.17  1.83   8.29  3.84  6.11  0.24  1.19  2.79    
nob  14.67   39.55  17.15  2.48  11.28  3.71  5.51  2.91  0.18  2.55    
swe  16.37   43.74  15.39  1.29  10.34  3.63  5.00  1.94  2.10  0.19   